-------Sudokus resueltos por Heurística-------

Demoniaco 9x9
Entrada:
0,0,0,0,0,3,0,0,0
0,0,1,0,0,0,2,0,0
7,0,0,6,0,9,0,0,1
0,0,0,0,3,0,0,0,6
0,9,0,5,0,6,4,0,0
5,0,0,0,2,0,0,0,0
0,0,0,0,5,0,0,0,0
9,0,0,7,0,1,0,0,2
0,4,0,0,0,0,0,8,0

Salida:
4,8,9,2,1,3,6,5,7
6,3,1,8,7,5,2,9,4
7,2,5,6,4,9,8,3,1
8,1,4,9,3,7,5,2,6
2,9,7,5,8,6,4,1,3
5,6,3,1,2,4,9,7,8
3,7,2,4,5,8,1,6,9
9,5,8,7,6,1,3,4,2
1,4,6,3,9,2,7,8,5


16x16 facil
Entrada:
   0  11   9   0   0  16  13   4   0   0  14   0  10   6  15   0
   4  12  15   0   3   6   0  11   0   5   0   1  16   7  14   2
   1   0   6   0  15   2   0   0  11   9  10   0   0   0   8   0
   0  13   0   0   0   1   0   0   4   6   0  15   0   0   0   0
   0   0   0   0   0   0  15   0   8   1   5   3   0   4  11   7
   6   0   1   0   0  12   8   0   9   0   0   2   0   0   3   0
  14   0   4  13   6   0   0   3   0  12   7  10   8   0   2   0
   3   8   0   0   4   7   2   0   6   0   0   0   0  12  16   5
  13   0   0  16   0   8  14  10   3   4  15   0  12   5   1  11
   0   0   0   6   2   0   0   1  10   0  11   0  15   3   0   9
   7   0   0  12   0   4   0  15   5   0   9  14   0   0   0   0
  10   0   0   8   0   0  11   0   0   0   1  12   4   0  13  16
   0   0   0   0   0   0   7   0  15   2   0   0   0   0  12   3
   0   0   7   0   0  10   6   0   1   8   0  13  11   0   9  14
   8   6   5   0   0   3   0   0  14   0   0   9   0   0   0   0
   0  16   0   2   0   0   0  14   0  10   0   0   0   0   0   0

Salida:
   2  11   9   5   8  16  13   4  12   3  14   7  10   6  15   1
   4  12  15  10   3   6   9  11  13   5   8   1  16   7  14   2
   1  14   6   7  15   2   5  12  11   9  10  16   3  13   8   4
  16  13   8   3  14   1  10   7   4   6   2  15   9  11   5  12
  12   2  16   9  10  14  15  13   8   1   5   3   6   4  11   7
   6   7   1  11   5  12   8  16   9  15   4   2  14  10   3  13
  14   5   4  13   6  11   1   3  16  12   7  10   8   9   2  15
   3   8  10  15   4   7   2   9   6  14  13  11   1  12  16   5
  13   9   2  16   7   8  14  10   3   4  15   6  12   5   1  11
   5   4  14   6   2  13  12   1  10  16  11   8  15   3   7   9
   7   1  11  12  16   4   3  15   5  13   9  14   2   8  10   6
  10  15   3   8   9   5  11   6   2   7   1  12   4  14  13  16
  11  10  13  14   1   9   7   8  15   2   6   4   5  16  12   3
  15   3   7   4  12  10   6   5   1   8  16  13  11   2   9  14
   8   6   5   1  13   3  16   2  14  11  12   9   7  15   4  10
   9  16  12   2  11  15   4  14   7  10   3   5  13   1   6   8


16x16 medio
Entrada:
   8   7   0   0   0   0   0   0   0   3   0   0  13   0   4   0
   0   5  14   0   0   0   3  10  15   9   1   0   0   6   0   0
  16   0   0   0   5   8   7   0   0  14   0   0   9   0  11  12
   0   0   4   0   0  14   6  13   0  11  10  12   0   7   0   3
  14   0   0   8   0   0   1   0   0   0   0   3   7   4  12   0
   9   0   0   0   0   6  15  12   0   0  13  14   0   3   1   0
  11   0  10   3   0   0  13   0   0   8   0   1   0   0   6   0
   6   0   0   1  14   0   4   0   0   5   0   9  11   0   0  13
   0   0   0   0  15   0   0   0   0   0   9   0   5   0   2  10
  10   1   0   0   6   0   5   0  13  15   7  16   0   0   0   0
   0   0  16  11   0   4   0   8   2   0   0   0   0  13   0   7
   0   9   0   7   1   3   0   2   6   0   8  10  16  15  14   4
   7   0  13   0   9  16   0   5   0   0  14   4   3   8   0   2
   0   0   3   0  10   0   0   0   0   0   0   0   0  16  15   0
   1   0   9   0   0   0  14   4   0   0   0   0   0   0   7   0
   0   6   8   0   3   0   0   0  10   7   0   0   0   0   0   0

Salida:
   8   7  11  10   2  12   9   1   5   3  16   6  13  14   4  15
  12   5  14  13   4  11   3  10  15   9   1   7   2   6  16   8
  16   3   1   6   5   8   7  15   4  14   2  13   9  10  11  12
   2  15   4   9  16  14   6  13   8  11  10  12   1   7   5   3
  14  13  15   8  11   2   1   9  16  10   6   3   7   4  12   5
   9   4   7   5   8   6  15  12  11   2  13  14  10   3   1  16
  11   2  10   3   7   5  13  16  12   8   4   1  15   9   6  14
   6  16  12   1  14  10   4   3   7   5  15   9  11   2   8  13
   3   8   6  12  15  13  16   7  14   4   9  11   5   1   2  10
  10   1   2   4   6   9   5  14  13  15   7  16   8  12   3  11
  15  14  16  11  12   4  10   8   2   1   3   5   6  13   9   7
  13   9   5   7   1   3  11   2   6  12   8  10  16  15  14   4
   7  11  13  15   9  16  12   5   1   6  14   4   3   8  10   2
   5  12   3  14  10   7   8   6   9  13  11   2   4  16  15   1
   1  10   9   2  13  15  14   4   3  16   5   8  12  11   7   6
   4   6   8  16   3   1   2  11  10   7  12  15  14   5  13   9



-------Sudokus resueltos por Las Vegas-------

9x9 dificultad media
Tiempo de ejecucion (ms): 14421, 5935, 4673, 3937, 3715, 12926, 13408, 2037
Entrada:
   0   0   0   0   8   3   1   4   9
   9   0   0   0   0   5   8   0   2
   0   0   0   1   9   6   0   5   0
   0   0   8   3   5   0   0   0   7
   0   0   0   0   0   2   3   0   5
   0   0   0   8   6   7   0   0   0
   0   7   0   0   0   8   0   0   1
   0   8   4   7   0   0   0   2   0
   2   0   3   6   0   4   9   7   8

Salida:
   5   6   7   2   8   3   1   4   9
   9   3   1   4   7   5   8   6   2
   8   4   2   1   9   6   7   5   3
   4   2   8   3   5   1   6   9   7
   7   1   6   9   4   2   3   8   5
   3   9   5   8   6   7   2   1   4
   6   7   9   5   2   8   4   3   1
   1   8   4   7   3   9   5   2   6
   2   5   3   6   1   4   9   7   8

